<?xml version="1.0"?>
<opencv_storage>
<Intrinsics type_id="opencv-matrix">
  <rows>3</rows>
  <cols>3</cols>
  <dt>f</dt>
  <data>
    391.15832520 0. 328.40786743 0. 392.10232544 241.22520447 0. 0. 1.</data></Intrinsics>
</opencv_storage>
